     0.00001000   4.686485e-03
     0.00001023   4.686485e-03
     0.00001047   4.686485e-03
     0.00001072   4.769402e-03
     0.00001096   4.876729e-03
     0.00001122   4.986476e-03
     0.00001148   5.098691e-03
     0.00001175   5.213429e-03
     0.00001202   5.330750e-03
     0.00001230   5.450714e-03
     0.00001259   5.573378e-03
     0.00001288   5.698796e-03
     0.00001318   5.827043e-03
     0.00001349   5.958170e-03
     0.00001380   6.092254e-03
     0.00001413   6.229352e-03
     0.00001445   6.369537e-03
     0.00001479   6.512877e-03
     0.00001514   6.659438e-03
     0.00001549   6.809302e-03
     0.00001585   6.962532e-03
     0.00001622   7.119218e-03
     0.00001660   7.279421e-03
     0.00001698   7.443238e-03
     0.00001738   7.610735e-03
     0.00001778   7.782006e-03
     0.00001820   7.957132e-03
     0.00001862   8.136194e-03
     0.00001905   8.319285e-03
     0.00001950   8.506496e-03
     0.00001995   8.697926e-03
     0.00002042   8.893660e-03
     0.00002089   9.093798e-03
     0.00002138   9.298437e-03
     0.00002188   9.507686e-03
     0.00002239   9.721641e-03
     0.00002291   9.940409e-03
     0.00002344   1.016411e-02
     0.00002399   1.039283e-02
     0.00002455   1.062670e-02
     0.00002512   1.086583e-02
     0.00002570   1.111036e-02
     0.00002630   1.136037e-02
     0.00002692   1.161602e-02
     0.00002754   1.187741e-02
     0.00002818   1.214469e-02
     0.00002884   1.241798e-02
     0.00002951   1.269742e-02
     0.00003020   1.298316e-02
     0.00003090   1.327531e-02
     0.00003162   1.357404e-02
     0.00003236   1.387949e-02
     0.00003311   1.419182e-02
     0.00003388   1.451116e-02
     0.00003467   1.483771e-02
     0.00003548   1.517160e-02
     0.00003631   1.551299e-02
     0.00003715   1.586208e-02
     0.00003802   1.621900e-02
     0.00003890   1.658397e-02
     0.00003981   1.695714e-02
     0.00004074   1.733872e-02
     0.00004169   1.772886e-02
     0.00004266   1.812780e-02
     0.00004365   1.853570e-02
     0.00004467   1.895279e-02
     0.00004571   1.937926e-02
     0.00004677   1.981532e-02
     0.00004786   2.026120e-02
     0.00004898   2.071708e-02
     0.00005012   2.118325e-02
     0.00005129   2.165989e-02
     0.00005248   2.214725e-02
     0.00005370   2.264557e-02
     0.00005495   2.315511e-02
     0.00005623   2.367611e-02
     0.00005754   2.420883e-02
     0.00005888   2.475354e-02
     0.00006026   2.531047e-02
     0.00006166   2.587996e-02
     0.00006310   2.646223e-02
     0.00006457   2.705761e-02
     0.00006607   2.766638e-02
     0.00006761   2.828883e-02
     0.00006918   2.892528e-02
     0.00007079   2.957605e-02
     0.00007244   3.024146e-02
     0.00007413   3.092181e-02
     0.00007586   3.161748e-02
     0.00007762   3.232876e-02
     0.00007943   3.305606e-02
     0.00008128   3.379970e-02
     0.00008318   3.456005e-02
     0.00008511   3.533752e-02
     0.00008710   3.613243e-02
     0.00008913   3.694522e-02
     0.00009120   3.777627e-02
     0.00009333   3.862602e-02
     0.00009550   3.949483e-02
     0.00009772   4.038320e-02
     0.00010000   4.129151e-02
     0.00010233   4.222024e-02
     0.00010471   4.316984e-02
     0.00010715   4.414075e-02
     0.00010965   4.513350e-02
     0.00011220   4.614850e-02
     0.00011482   4.718634e-02
     0.00011749   4.824744e-02
     0.00012023   4.933243e-02
     0.00012303   5.044171e-02
     0.00012589   5.157596e-02
     0.00012882   5.273562e-02
     0.00013183   5.392133e-02
     0.00013490   5.513367e-02
     0.00013804   5.637316e-02
     0.00014125   5.764050e-02
     0.00014454   5.893624e-02
     0.00014791   6.026110e-02
     0.00015136   6.161558e-02
     0.00015488   6.300051e-02
     0.00015849   6.441644e-02
     0.00016218   6.586415e-02
     0.00016596   6.734431e-02
     0.00016982   6.885757e-02
     0.00017378   7.040482e-02
     0.00017783   7.198661e-02
     0.00018197   7.360391e-02
     0.00018621   7.525735e-02
     0.00019055   7.694787e-02
     0.00019498   7.867613e-02
     0.00019953   8.044313e-02
     0.00020417   8.224962e-02
     0.00020893   8.409648e-02
     0.00021380   8.598468e-02
     0.00021878   8.791497e-02
     0.00022387   8.988849e-02
     0.00022909   9.190598e-02
     0.00023442   9.396855e-02
     0.00023988   9.607710e-02
     0.00024547   9.823277e-02
     0.00025119   1.004365e-01
     0.00025704   1.026892e-01
     0.00026303   1.049923e-01
     0.00026915   1.073465e-01
     0.00027542   1.097532e-01
     0.00028184   1.122133e-01
     0.00028840   1.147283e-01
     0.00029512   1.172990e-01
     0.00030200   1.199269e-01
     0.00030903   1.226132e-01
     0.00031623   1.253590e-01
     0.00032359   1.281657e-01
     0.00033113   1.310345e-01
     0.00033884   1.339670e-01
     0.00034674   1.369642e-01
     0.00035481   1.400278e-01
     0.00036308   1.431591e-01
     0.00037154   1.463594e-01
     0.00038019   1.496304e-01
     0.00038905   1.529735e-01
     0.00039811   1.563901e-01
     0.00040738   1.598819e-01
     0.00041687   1.634506e-01
     0.00042658   1.670975e-01
     0.00043652   1.708245e-01
     0.00044668   1.746332e-01
     0.00045709   1.785252e-01
     0.00046774   1.825023e-01
     0.00047863   1.865663e-01
     0.00048978   1.907189e-01
     0.00050119   1.949621e-01
     0.00051286   1.992976e-01
     0.00052481   2.037273e-01
     0.00053703   2.082531e-01
     0.00054954   2.128770e-01
     0.00056234   2.176010e-01
     0.00057544   2.224271e-01
     0.00058884   2.273573e-01
     0.00060256   2.323937e-01
     0.00061660   2.375384e-01
     0.00063096   2.427936e-01
     0.00064565   2.481614e-01
     0.00066069   2.536442e-01
     0.00067608   2.592438e-01
     0.00069183   2.649631e-01
     0.00070795   2.708039e-01
     0.00072444   2.767687e-01
     0.00074131   2.828599e-01
     0.00075858   2.890799e-01
     0.00077625   2.954312e-01
     0.00079433   3.019161e-01
     0.00081283   3.085373e-01
     0.00083176   3.152971e-01
     0.00085114   3.221982e-01
     0.00087096   3.292431e-01
     0.00089125   3.364346e-01
     0.00091201   3.437750e-01
     0.00093325   3.512673e-01
     0.00095499   3.589140e-01
     0.00097724   3.667179e-01
     0.00100000   3.746818e-01
     0.00102329   3.828083e-01
     0.00104713   3.911002e-01
     0.00107152   3.995601e-01
     0.00109648   4.081912e-01
     0.00112202   4.169961e-01
     0.00114815   4.259777e-01
     0.00117490   4.351387e-01
     0.00120226   4.444820e-01
     0.00123027   4.540106e-01
     0.00125893   4.637272e-01
     0.00128825   4.736348e-01
     0.00131826   4.837359e-01
     0.00134896   4.940337e-01
     0.00138038   5.045307e-01
     0.00141254   5.152302e-01
     0.00144544   5.261344e-01
     0.00147911   5.372467e-01
     0.00151356   5.485694e-01
     0.00154882   5.601054e-01
     0.00158489   5.718578e-01
     0.00162181   5.838289e-01
     0.00165959   5.960213e-01
     0.00169824   6.084376e-01
     0.00173780   6.210804e-01
     0.00177828   6.339521e-01
     0.00181970   6.470553e-01
     0.00186209   6.603920e-01
     0.00190546   6.739648e-01
     0.00194984   6.877758e-01
     0.00199526   7.018272e-01
     0.00204174   7.161210e-01
     0.00208930   7.306589e-01
     0.00213796   7.454432e-01
     0.00218776   7.604751e-01
     0.00223872   7.757564e-01
     0.00229087   7.912890e-01
     0.00234423   8.070735e-01
     0.00239883   8.231115e-01
     0.00245471   8.394041e-01
     0.00251189   8.559520e-01
     0.00257040   8.727562e-01
     0.00263027   8.898169e-01
     0.00269153   9.071344e-01
     0.00275423   9.247092e-01
     0.00281838   9.425408e-01
     0.00288403   9.606290e-01
     0.00295121   9.789735e-01
     0.00301995   9.975735e-01
     0.00309030   1.016428e+00
     0.00316228   1.035536e+00
     0.00323594   1.054895e+00
     0.00331131   1.074504e+00
     0.00338844   1.094360e+00
     0.00346737   1.114461e+00
     0.00354813   1.134804e+00
     0.00363078   1.155387e+00
     0.00371535   1.176205e+00
     0.00380189   1.197255e+00
     0.00389045   1.218532e+00
     0.00398107   1.240033e+00
     0.00407380   1.261751e+00
     0.00416869   1.283681e+00
     0.00426580   1.305818e+00
     0.00436516   1.328154e+00
     0.00446684   1.350684e+00
     0.00457088   1.373400e+00
     0.00467735   1.396293e+00
     0.00478630   1.419356e+00
     0.00489779   1.442580e+00
     0.00501187   1.465955e+00
     0.00512861   1.489471e+00
     0.00524807   1.513118e+00
     0.00537032   1.536884e+00
     0.00549541   1.560758e+00
     0.00562341   1.584727e+00
     0.00575440   1.608779e+00
     0.00588844   1.632898e+00
     0.00602560   1.657073e+00
     0.00616595   1.681286e+00
     0.00630957   1.705521e+00
     0.00645654   1.729764e+00
     0.00660693   1.753995e+00
     0.00676083   1.778198e+00
     0.00691831   1.802353e+00
     0.00707946   1.826442e+00
     0.00724436   1.850442e+00
     0.00741310   1.874334e+00
     0.00758578   1.898095e+00
     0.00776247   1.921701e+00
     0.00794328   1.945131e+00
     0.00812831   1.968358e+00
     0.00831764   1.991357e+00
     0.00851138   2.014103e+00
     0.00870964   2.036567e+00
     0.00891251   2.058722e+00
     0.00912011   2.080538e+00
     0.00933254   2.101986e+00
     0.00954993   2.123035e+00
     0.00977237   2.143653e+00
     0.01000000   2.163808e+00
     0.01023293   2.183466e+00
     0.01047129   2.202592e+00
     0.01071519   2.221153e+00
     0.01096478   2.239112e+00
     0.01122018   2.256433e+00
     0.01148154   2.273078e+00
     0.01174898   2.289009e+00
     0.01202264   2.304188e+00
     0.01230269   2.318575e+00
     0.01258925   2.332131e+00
     0.01288250   2.344816e+00
     0.01318257   2.356589e+00
     0.01348963   2.367410e+00
     0.01380384   2.377239e+00
     0.01412538   2.386033e+00
     0.01445440   2.393754e+00
     0.01479108   2.400360e+00
     0.01513561   2.405812e+00
     0.01548817   2.410071e+00
     0.01584893   2.413099e+00
     0.01621810   2.414857e+00
     0.01659587   2.415312e+00
     0.01698244   2.414428e+00
     0.01737801   2.412172e+00
     0.01778279   2.408514e+00
     0.01819701   2.403426e+00
     0.01862087   2.396883e+00
     0.01905461   2.388862e+00
     0.01949845   2.379343e+00
     0.01995262   2.368312e+00
     0.02041738   2.355757e+00
     0.02089296   2.341671e+00
     0.02137962   2.326052e+00
     0.02187762   2.308903e+00
     0.02238721   2.290232e+00
     0.02290868   2.270053e+00
     0.02344229   2.248388e+00
     0.02398833   2.225263e+00
     0.02454709   2.200711e+00
     0.02511886   2.174776e+00
     0.02570396   2.147503e+00
     0.02630268   2.118951e+00
     0.02691535   2.089183e+00
     0.02754229   2.058270e+00
     0.02818383   2.026292e+00
     0.02884032   1.993337e+00
     0.02951209   1.959500e+00
     0.03019952   1.924884e+00
     0.03090295   1.889597e+00
     0.03162278   1.853757e+00
     0.03235937   1.817484e+00
     0.03311311   1.780906e+00
     0.03388442   1.744155e+00
     0.03467369   1.707364e+00
     0.03548134   1.670669e+00
     0.03630781   1.634204e+00
     0.03715352   1.597957e+00
     0.03801894   1.561838e+00
     0.03890451   1.526318e+00
     0.03981072   1.491551e+00
     0.04073803   1.457686e+00
     0.04168694   1.424853e+00
     0.04265795   1.393163e+00
     0.04365158   1.362708e+00
     0.04466836   1.333549e+00
     0.04570882   1.305725e+00
     0.04677351   1.279244e+00
     0.04786301   1.254088e+00
     0.04897788   1.230214e+00
     0.05011872   1.207558e+00
     0.05128614   1.186036e+00
     0.05248075   1.165548e+00
     0.05370318   1.145997e+00
     0.05495409   1.127264e+00
     0.05623413   1.109294e+00
     0.05754399   1.092124e+00
     0.05888437   1.075404e+00
     0.06025596   1.060830e+00
     0.06165950   1.044675e+00
     0.06309573   1.028263e+00
     0.06456542   1.011398e+00
     0.06606934   9.938514e-01
     0.06760830   9.754003e-01
     0.06918310   9.558446e-01
     0.07079458   9.350217e-01
     0.07244360   9.128186e-01
     0.07413102   8.891831e-01
     0.07585776   8.641415e-01
     0.07762471   8.377851e-01
     0.07943282   8.102772e-01
     0.08128305   7.818415e-01
     0.08317638   7.527509e-01
     0.08511380   7.233152e-01
     0.08709636   6.938700e-01
     0.08912509   6.647696e-01
     0.09120108   6.363793e-01
     0.09332543   6.090642e-01
     0.09549926   5.831766e-01
     0.09772372   5.590342e-01
     0.10000000   5.368941e-01
     0.10232930   5.169270e-01
     0.10471285   4.991968e-01
     0.10715193   4.836527e-01
     0.10964782   4.701357e-01
     0.11220185   4.583934e-01
     0.11481536   4.480988e-01
     0.11748976   4.388614e-01
     0.12022644   4.302331e-01
     0.12302688   4.217115e-01
     0.12589254   4.127647e-01
     0.12882496   4.028854e-01
     0.13182567   3.916769e-01
     0.13489629   3.789408e-01
     0.13803843   3.647271e-01
     0.14125375   3.493154e-01
     0.14454398   3.331383e-01
     0.14791084   3.166876e-01
     0.15135612   3.004565e-01
     0.15488166   2.849273e-01
     0.15848932   2.705682e-01
     0.16218101   2.577915e-01
     0.16595869   2.468605e-01
     0.16982437   2.377968e-01
     0.17378008   2.303557e-01
     0.17782794   2.240921e-01
     0.18197009   2.184742e-01
     0.18620871   2.129732e-01
     0.19054607   2.071099e-01
     0.19498446   2.004994e-01
     0.19952623   1.929329e-01
     0.20417379   1.844574e-01
     0.20892961   1.753761e-01
     0.21379621   1.661553e-01
     0.21877616   1.572989e-01
     0.22387211   1.492475e-01
     0.22908677   1.422941e-01
     0.23442288   1.365069e-01
     0.23988329   1.317009e-01
     0.24547089   1.274988e-01
     0.25118864   1.234580e-01
     0.25703958   1.191990e-01
     0.26302680   1.144982e-01
     0.26915348   1.093356e-01
     0.27542287   1.038987e-01
     0.28183829   9.852273e-02
     0.28840315   9.355285e-02
     0.29512092   8.918848e-02
     0.30199517   8.542945e-02
     0.30902954   8.212853e-02
     0.31622777   7.904216e-02
     0.32359366   7.590480e-02
     0.33113112   7.257841e-02
     0.33884416   6.911426e-02
     0.34673685   6.567408e-02
     0.35481339   6.244603e-02
     0.36307805   5.954656e-02
     0.37153523   5.695481e-02
     0.38018940   5.455402e-02
     0.38904514   5.220217e-02
     0.39810717   4.981772e-02
     0.40738028   4.742523e-02
     0.41686938   4.510982e-02
     0.42657952   4.295245e-02
     0.43651583   4.097723e-02
     0.44668359   3.912656e-02
     0.45708819   3.733529e-02
     0.46773514   3.556900e-02
     0.47863009   3.384601e-02
     0.48977882   3.220941e-02
     0.50118723   3.067691e-02
     0.51286138   2.923449e-02
     0.52480746   2.784872e-02
     0.53703180   2.650548e-02
     0.54954087   2.521361e-02
     0.56234133   2.398841e-02
     0.57543994   2.283026e-02
     0.58884366   2.172550e-02
     0.60255959   2.066553e-02
     0.61659500   1.964926e-02
     0.63095734   1.868352e-02
     0.64565423   1.776596e-02
     0.66069345   1.689049e-02
     0.67608298   1.605424e-02
     0.69183097   1.525658e-02
     0.70794578   1.449774e-02
     0.72443596   1.377558e-02
     0.74131024   1.308691e-02
     0.75857758   1.243063e-02
     0.77624712   1.180613e-02
     0.79432823   1.121173e-02
     0.81283052   1.064560e-02
     0.83176377   1.010671e-02
     0.85113804   9.593937e-03
     0.87096359   9.106094e-03
     0.89125094   8.641981e-03
     0.91201084   8.200604e-03
     0.93325430   7.780860e-03
     0.95499259   7.381701e-03
     0.97723722   7.002229e-03
     1.00000000   6.641476e-03
     1.02329299   6.298569e-03
     1.04712855   5.972694e-03
     1.07151931   5.663012e-03
     1.09647820   5.368758e-03
     1.12201845   5.089241e-03
     1.14815362   4.823773e-03
     1.17489755   4.571687e-03
     1.20226443   4.332336e-03
     1.23026877   4.105093e-03
     1.25892541   3.889355e-03
     1.28824955   3.684556e-03
     1.31825674   3.490177e-03
     1.34896288   3.305723e-03
     1.38038426   3.130701e-03
     1.41253754   2.964660e-03
     1.44543977   2.807162e-03
     1.47910839   2.657767e-03
     1.51356125   2.516076e-03
     1.54881662   2.381707e-03
     1.58489319   2.254315e-03
     1.62181010   2.133546e-03
     1.65958691   2.019051e-03
     1.69824365   1.910534e-03
     1.73780083   1.807696e-03
     1.77827941   1.710216e-03
     1.81970086   1.617865e-03
     1.86208714   1.530353e-03
     1.90546072   1.447468e-03
     1.94984460   1.368944e-03
     1.99526231   1.294581e-03
     2.04173794   1.224151e-03
     2.08929613   1.157452e-03
     2.13796209   1.094302e-03
     2.18776162   1.034516e-03
     2.23872114   9.779156e-04
     2.29086765   9.243347e-04
     2.34422882   8.736212e-04
     2.39883292   8.256267e-04
     2.45470892   7.802092e-04
     2.51188643   7.372325e-04
     2.57039578   6.965708e-04
     2.63026799   6.581053e-04
     2.69153480   6.217176e-04
     2.75422870   5.872945e-04
     2.81838293   5.547395e-04
     2.88403150   5.239495e-04
     2.95120923   4.948347e-04
     3.01995172   4.673029e-04
     3.09029543   4.412745e-04
     3.16227766   4.166669e-04
     3.23593657   3.934038e-04
     3.31131121   3.714139e-04
     3.38844156   3.506290e-04
     3.46736850   3.309854e-04
     3.54813389   3.124217e-04
     3.63078055   2.948799e-04
     3.71535229   2.783053e-04
     3.80189396   2.626455e-04
     3.89045145   2.478506e-04
     3.98107171   2.338744e-04
     4.07380278   2.206726e-04
     4.16869383   2.082025e-04
     4.26579519   1.964257e-04
     4.36515832   1.853034e-04
     4.46683592   1.748008e-04
     4.57088190   1.648836e-04
     4.67735141   1.555197e-04
     4.78630092   1.466786e-04
     4.89778819   1.383320e-04
     5.01187234   1.304530e-04
     5.12861384   1.230161e-04
     5.24807460   1.159964e-04
     5.37031796   1.093713e-04
     5.49540874   1.031185e-04
     5.62341325   9.721777e-05
     5.75439937   9.164975e-05
     5.88843655   8.639615e-05
     6.02559586   8.143935e-05
     6.16595002   7.676274e-05
     6.30957344   7.235077e-05
     6.45654229   6.818886e-05
     6.60693448   6.426294e-05
     6.76082975   6.056015e-05
     6.91830971   5.706777e-05
     7.07945784   5.377400e-05
     7.24435960   5.066773e-05
     7.41310241   4.773851e-05
     7.58577575   4.497648e-05
     7.76247117   4.237223e-05
     7.94328235   3.991683e-05
     8.12830516   3.760183e-05
     8.31763771   3.541940e-05
     8.51138038   3.336209e-05
     8.70963590   3.142285e-05
     8.91250938   2.959495e-05
     9.12010839   2.787203e-05
     9.33254301   2.624822e-05
     9.54992586   2.471792e-05
     9.77237221   2.327581e-05
    10.00000000   2.191682e-05
    10.23292992   2.063625e-05
    10.47128548   1.942965e-05
    10.71519305   1.829283e-05
    10.96478196   1.722177e-05
    11.22018454   1.621271e-05
    11.48153621   1.526212e-05
    11.74897555   1.436667e-05
    12.02264435   1.352319e-05
    12.30268771   1.272870e-05
    12.58925412   1.198038e-05
    12.88249552   1.127559e-05
    13.18256739   1.061185e-05
    13.48962883   9.986761e-06
    13.80384265   9.398106e-06
    14.12537545   8.843806e-06
    14.45439771   8.321876e-06
    14.79108388   7.830429e-06
    15.13561248   7.367713e-06
    15.48816619   6.932082e-06
    15.84893192   6.521956e-06
    16.21810097   6.135851e-06
    16.59586907   5.772391e-06
    16.98243652   5.430258e-06
    17.37800829   5.108207e-06
    17.78279410   4.805073e-06
    18.19700859   4.519768e-06
    18.62087137   4.251243e-06
    19.05460718   3.998524e-06
    19.49844600   3.760692e-06
    19.95262315   3.536882e-06
    20.41737945   3.326265e-06
    20.89296131   3.128083e-06
    21.37962090   2.941604e-06
    21.87761624   2.766143e-06
    22.38721139   2.601055e-06
    22.90867653   2.445737e-06
    23.44228815   2.299612e-06
    23.98832919   2.162141e-06
    24.54708916   2.032821e-06
    25.11886432   1.911168e-06
    25.70395783   1.796734e-06
    26.30267992   1.689095e-06
    26.91534804   1.587851e-06
    27.54228703   1.492624e-06
    28.18382931   1.403063e-06
    28.84031503   1.318829e-06
    29.51209227   1.239612e-06
    30.19951720   1.165114e-06
    30.90295433   1.095056e-06
    31.62277660   1.029178e-06
    32.35936569   9.672303e-07
    33.11311215   9.089815e-07
    33.88441561   8.542129e-07
    34.67368505   8.027174e-07
    35.48133892   7.543019e-07
    36.30780548   7.087826e-07
    37.15352291   6.659890e-07
    38.01893963   6.257584e-07
    38.90451450   5.879385e-07
    39.81071706   5.523865e-07
    40.73802778   5.189671e-07
    41.68693835   4.875538e-07
    42.65795188   4.580267e-07
    43.65158322   4.302739e-07
    44.66835922   4.041890e-07
    45.70881896   3.796731e-07
    46.77351413   3.566322e-07
    47.86300923   3.349785e-07
    48.97788194   3.146290e-07
    50.11872336   2.955057e-07
    51.28613840   2.775354e-07
    52.48074602   2.606490e-07
    53.70317964   2.447817e-07
    54.95408739   2.298726e-07
    56.23413252   2.158639e-07
    57.54399373   2.027018e-07
    58.88436554   1.903356e-07
    60.25595861   1.787175e-07
    61.65950019   1.678025e-07
    63.09573445   1.575486e-07
    64.56542290   1.479157e-07
    66.06934480   1.388668e-07
    67.60829754   1.303665e-07
    69.18309709   1.223819e-07
    70.79457844   1.148819e-07
    72.44359601   1.078374e-07
    74.13102413   1.012208e-07
    75.85775750   9.500642e-08
    77.62471166   8.916998e-08
    79.43282347   8.368861e-08
    81.28305162   7.854091e-08
    83.17637711   7.370671e-08
    85.11380382   6.916705e-08
    87.09635900   6.490412e-08
    89.12509381   6.090116e-08
    91.20108394   5.714245e-08
    93.32543008   5.361321e-08
    95.49925860   5.029954e-08
    97.72372210   4.718844e-08
   100.00000000   4.426746e-08
   102.32929923   4.152521e-08
   104.71285481   3.895080e-08
   107.15193052   3.653403e-08
   109.64781961   3.426534e-08
   112.20184543   3.213572e-08
   114.81536215   3.013671e-08
   117.48975549   2.826037e-08
   120.22644346   2.649928e-08
   123.02687708   2.484737e-08
   125.89254118   2.329844e-08
   128.82495517   2.184607e-08
   131.82567386   2.048424e-08
   134.89628826   1.920730e-08
   138.03842646   1.800996e-08
   141.25375446   1.688727e-08
   144.54397707   1.583456e-08
   147.91083882   1.484747e-08
   151.35612484   1.392192e-08
   154.88166189   1.305407e-08
   158.48931925   1.224031e-08
   162.18100974   1.147728e-08
   165.95869074   1.076182e-08
   169.82436525   1.009096e-08
   173.78008287   9.461920e-09
   177.82794100   8.872092e-09
   181.97008586   8.319032e-09
   186.20871367   7.800449e-09
   190.54607180   7.314193e-09
   194.98445998   6.858249e-09
   199.52623150   6.430727e-09
   204.17379447   6.029856e-09
   208.92961309   5.653974e-09
   213.79620895   5.301524e-09
   218.77616239   4.971045e-09
   223.87211386   4.661167e-09
   229.08676528   4.370606e-09
   234.42288153   4.098157e-09
   239.88329190   3.842692e-09
   245.47089157   3.603153e-09
   251.18864315   3.378545e-09
   257.03957828   3.167939e-09
   263.02679919   2.970461e-09
   269.15348039   2.785293e-09
   275.42287033   2.611669e-09
   281.83829313   2.448867e-09
   288.40315031   2.296214e-09
   295.12092267   2.153077e-09
   301.99517204   2.018863e-09
   309.02954325   1.893015e-09
   316.22776602   1.775012e-09
   323.59365693   1.664365e-09
   331.13112148   1.560615e-09
   338.84415614   1.463333e-09
   346.73685045   1.372115e-09
   354.81338923   1.286583e-09
   363.07805477   1.206383e-09
   371.53522910   1.131182e-09
   380.18939632   1.060669e-09
   389.04514499   9.945514e-10
   398.10717055   9.325555e-10
   407.38027780   8.744241e-10
   416.86938347   8.199164e-10
   426.57951880   7.688065e-10
   436.51583224   7.208826e-10
   446.68359215   6.759461e-10
   457.08818961   6.338108e-10
   467.73514129   5.943019e-10
   478.63009232   5.572560e-10
   489.77881937   5.225193e-10
   501.18723363   4.899479e-10
   512.86138399   4.594069e-10
   524.80746025   4.307697e-10
   537.03179637   4.039177e-10
   549.54087386   3.787394e-10
   562.34132519   3.551307e-10
   575.43993734   3.329936e-10
   588.84365536   3.122365e-10
   602.55958607   2.927732e-10
   616.59500186   2.745233e-10
   630.95734448   2.574109e-10
   645.65422903   2.413652e-10
   660.69344801   2.263198e-10
   676.08297539   2.122122e-10
   691.83097092   1.989840e-10
   707.94578438   1.865804e-10
   724.43596007   1.749500e-10
   741.31024130   1.640446e-10
   758.57757503   1.538189e-10
   776.24711663   1.442307e-10
   794.32823472   1.352402e-10
   812.83051616   1.268100e-10
   831.76377110   1.189054e-10
   851.13803820   1.114935e-10
   870.96358996   1.045436e-10
   891.25093813   9.802698e-11
   912.01083936   9.191654e-11
   933.25430080   8.618699e-11
   954.99258602   8.081460e-11
   977.23722096   7.577709e-11
  1000.00000000   7.105359e-11
  1023.29299228   6.662453e-11
  1047.12854805   6.247155e-11
  1071.51930524   5.857745e-11
  1096.47819614   5.492608e-11
  1122.01845430   5.150232e-11
  1148.15362150   4.829198e-11
  1174.89755494   4.528175e-11
  1202.26443462   4.245917e-11
  1230.26877081   3.981252e-11
  1258.92541179   3.733086e-11
  1288.24955169   3.500389e-11
  1318.25673856   3.282196e-11
  1348.96288259   3.077605e-11
  1380.38426460   2.885767e-11
  1412.53754462   2.705886e-11
  1445.43977075   2.537219e-11
  1479.10838817   2.379065e-11
  1513.56124844   2.230769e-11
  1548.81661891   2.091718e-11
  1584.89319246   1.961334e-11
  1621.81009736   1.839077e-11
  1659.58690744   1.724441e-11
  1698.24365246   1.616951e-11
  1737.80082875   1.516161e-11
  1778.27941004   1.421654e-11
  1819.70085861   1.333037e-11
  1862.08713666   1.249945e-11
  1905.46071796   1.172032e-11
  1949.84459976   1.098975e-11
  1995.26231497   1.030473e-11
  2041.73794467   9.662401e-12
  2089.29613085   9.060114e-12
  2137.96208950   8.495369e-12
  2187.76162395   7.965827e-12
  2238.72113857   7.469293e-12
  2290.86765277   7.003710e-12
  2344.22881532   6.567148e-12
  2398.83291902   6.157799e-12
  2454.70891569   5.773966e-12
  2511.88643151   5.414058e-12
  2570.39578277   5.076584e-12
  2630.26799190   4.760147e-12
  2691.53480393   4.463434e-12
  2754.22870334   4.185216e-12
  2818.38293126   3.924340e-12
  2884.03150313   3.679725e-12
  2951.20922667   3.450358e-12
  3019.95172040   3.235289e-12
  3090.29543251   3.033625e-12
  3162.27766017   2.844531e-12
  3235.93656930   2.667224e-12
  3311.31121483   2.500970e-12
  3388.44156139   2.345078e-12
  3467.36850453   2.198904e-12
  3548.13389234   2.061841e-12
  3630.78054770   1.933321e-12
  3715.35229097   1.812813e-12
  3801.89396321   1.699816e-12
  3890.45144994   1.593862e-12
  3981.07170553   1.494513e-12
  4073.80277804   1.401357e-12
  4168.69383470   1.314007e-12
  4265.79518802   1.232102e-12
  4365.15832240   1.155303e-12
  4466.83592151   1.083290e-12
  4570.88189615   1.015766e-12
  4677.35141287   9.524516e-13
  4786.30092323   8.930833e-13
  4897.78819368   8.374156e-13
  5011.87233627   7.852178e-13
  5128.61383991   7.362736e-13
  5248.07460250   6.903803e-13
  5370.31796370   6.473475e-13
  5495.40873858   6.069971e-13
  5623.41325190   5.691618e-13
  5754.39937337   5.336849e-13
  5888.43655356   5.004194e-13
  6025.59586074   4.692273e-13
  6165.95001861   4.399796e-13
  6309.57344480   4.125549e-13
  6456.54229035   3.868396e-13
  6606.93448008   3.627272e-13
  6760.82975392   3.401178e-13
  6918.30970919   3.189177e-13
  7079.45784384   2.990391e-13
  7244.35960075   2.803995e-13
  7413.10241301   2.629217e-13
  7585.77575029   2.465334e-13
  7762.47116629   2.311666e-13
  7943.28234724   2.167576e-13
  8128.30516164   2.032468e-13
  8317.63771103   1.905781e-13
  8511.38038202   1.786991e-13
  8709.63589956   1.675606e-13
  8912.50938134   1.571163e-13
  9120.10839356   1.473230e-13
  9332.54300797   1.381402e-13
  9549.92586021   1.295297e-13
  9772.37220956   1.214559e-13
 10000.00000000   1.138854e-13
 10232.92992281   1.067868e-13
 10471.28548051   1.001307e-13
 10715.19305238   9.388939e-14
 10964.78196143   8.803716e-14
 11220.18454302   8.254970e-14
 11481.53621497   7.740428e-14
 11748.97554940   7.257958e-14
 12022.64434617   6.805562e-14
 12302.68770812   6.381364e-14
 12589.25411794   5.983606e-14
 12882.49551693   5.610642e-14
 13182.56738556   5.260925e-14
 13489.62882592   4.933006e-14
 13803.84264603   4.625527e-14
 14125.37544623   4.337213e-14
 14454.39770746   4.066871e-14
 14791.08388168   3.813379e-14
 15135.61248436   3.575688e-14
 15488.16618912   3.352812e-14
 15848.93192461   3.143828e-14
 16218.10097359   2.947871e-14
 16595.86907438   2.764128e-14
 16982.43652462   2.591837e-14
 17378.00828749   2.430286e-14
 17782.79410039   2.278804e-14
 18197.00858610   2.136765e-14
 18620.87136663   2.003579e-14
 19054.60717963   1.878694e-14
 19498.44599758   1.761594e-14
 19952.62314969   1.651793e-14
 20417.37944670   1.548835e-14
 20892.96130854   1.452295e-14
 21379.62089502   1.361773e-14
 21877.61623950   1.276893e-14
 22387.21138568   1.197303e-14
 22908.67652768   1.122675e-14
 23442.28815320   1.052698e-14
 23988.32919019   9.870827e-15
 24547.08915685   9.255573e-15
 25118.86431510   8.678669e-15
 25703.95782769   8.137723e-15
 26302.67991895   7.630495e-15
 26915.34803927   7.154883e-15
 27542.28703338   6.708916e-15
 28183.82931264   6.290747e-15
 28840.31503127   5.898642e-15
 29512.09226666   5.530978e-15
 30199.51720402   5.186230e-15
 30902.95432514   4.862970e-15
 31622.77660168   4.559860e-15
 32359.36569296   4.275642e-15
 33113.11214826   4.009140e-15
 33884.41561392   3.759250e-15
 34673.68504525   3.524935e-15
 35481.33892336   3.305225e-15
 36307.80547701   3.099209e-15
 37153.52290972   2.906035e-15
 38018.93963206   2.724901e-15
 38904.51449943   2.555058e-15
 39810.71705535   2.395800e-15
 40738.02778041   2.246470e-15
 41686.93834703   2.106447e-15
 42657.95188016   1.975152e-15
 43651.58322402   1.852041e-15
 44668.35921510   1.736603e-15
 45708.81896149   1.628360e-15
 46773.51412872   1.526864e-15
 47863.00923226   1.431695e-15
 48977.88193684   1.342457e-15
 50118.72336273   1.258782e-15
 51286.13839914   1.180322e-15
 52480.74602498   1.106752e-15
 53703.17963703   1.037769e-15
 54954.08738576   9.730845e-16
 56234.13251903   9.124322e-16
 57543.99373372   8.555604e-16
 58884.36553556   8.022334e-16
 60255.95860744   7.522302e-16
 61659.50018615   7.053438e-16
 63095.73444802   6.613798e-16
 64565.42290347   6.201561e-16
 66069.34480076   5.815018e-16
 67608.29753920   5.452569e-16
 69183.09709189   5.112711e-16
 70794.57843841   4.794037e-16
 72443.59600750   4.495226e-16
 74131.02413009   4.215039e-16
 75857.75750292   3.952316e-16
 77624.71166287   3.705970e-16
 79432.82347243   3.474977e-16
 81283.05161641   3.258383e-16
 83176.37711027   3.055289e-16
 85113.80382024   2.864853e-16
 87096.35899561   2.686288e-16
 89125.09381337   2.518852e-16
 91201.08393559   2.361853e-16
 93325.43007970   2.214639e-16
 95499.25860214   2.076602e-16
 97723.72209558   1.947168e-16
100000.00000000   1.825801e-16
102329.29922808   1.712000e-16
104712.85480509   1.605292e-16
107151.93052376   1.505234e-16
109647.81961432   1.411414e-16
112201.84543020   1.323441e-16
114815.36214969   1.240951e-16
117489.75549395   1.163603e-16
120226.44346174   1.091076e-16
123026.87708124   1.023070e-16
125892.54117942   9.593025e-17
128824.95516931   8.995096e-17
131825.67385564   8.434436e-17
134896.28825917   7.908721e-17
138038.42646029   7.415774e-17
141253.75446228   6.953553e-17
144543.97707459   6.520141e-17
147910.83881682   6.113744e-17
151356.12484362   5.732677e-17
154881.66189125   5.375363e-17
158489.31924611   5.040319e-17
162181.00973589   4.726159e-17
165958.69074376   4.431580e-17
169824.36524617   4.155362e-17
173780.08287494   3.896360e-17
177827.94100389   3.653502e-17
181970.08586100   3.425782e-17
186208.71366629   3.212255e-17
190546.07179632   3.012037e-17
194984.45997580   2.824298e-17
199526.23149689   2.648261e-17
204173.79446695   2.483197e-17
208929.61308540   2.328421e-17
213796.20895022   2.183292e-17
218776.16239496   2.047208e-17
223872.11385683   1.919607e-17
229086.76527678   1.799959e-17
234422.88153199   1.687769e-17
239883.29190195   1.582571e-17
245470.89156850   1.483931e-17
251188.64315096   1.391438e-17
257039.57827689   1.304711e-17
263026.79918954   1.223389e-17
269153.48039269   1.147136e-17
275422.87033382   1.075636e-17
281838.29312645   1.008592e-17
288403.15031266   9.457273e-18
295120.92266664   8.867807e-18
301995.17204020   8.315083e-18
309029.54325136   7.796810e-18
316227.76601684   7.310840e-18
323593.65692963   6.855160e-18
331131.12148259   6.427883e-18
338844.15613920   6.027238e-18
346736.85045253   5.651564e-18
354813.38923358   5.299306e-18
363078.05477010   4.969004e-18
371535.22909717   4.659290e-18
380189.39632056   4.368880e-18
389045.14499428   4.096571e-18
398107.17055350   3.841234e-18
407380.27780411   3.601813e-18
416869.38347034   3.377315e-18
426579.51880159   3.166809e-18
436515.83224017   2.969424e-18
446683.59215096   2.784342e-18
457088.18961488   2.610796e-18
467735.14128720   2.448067e-18
478630.09232264   2.295481e-18
489778.81936845   2.152406e-18
501187.23362727   2.018248e-18
512861.38399136   1.892452e-18
524807.46024977   1.774497e-18
537031.79637025   1.663894e-18
549540.87385762   1.560184e-18
562341.32519035   1.462939e-18
575439.93733716   1.371755e-18
588843.65535559   1.286255e-18
602559.58607436   1.206084e-18
616595.00186148   1.130909e-18
630957.34448019   1.060421e-18
645654.22903465   9.943255e-19
660693.44800760   9.323499e-19
676082.97539198   8.742373e-19
691830.97091894   8.197467e-19
707945.78438414   7.686526e-19
724435.96007499   7.207430e-19
741310.24130092   6.758197e-19
758577.57502918   6.336963e-19
776247.11662869   5.941985e-19
794328.23472428   5.571626e-19
812830.51616410   5.224351e-19
831763.77110267   4.898721e-19
851138.03820238   4.593387e-19
870963.58995608   4.307085e-19
891250.93813375   4.038628e-19
912010.83935591   3.786903e-19
933254.30079699   3.550868e-19
954992.58602144   3.329545e-19
977237.22095581   3.122017e-19
1000000.00000000   2.927424e-19
